14|ms | ID  | data ...     < vcan0 # l=20 h=100 t=500 slots=36 >
00014 | 039 | 00 39                   .9
00009 | 095 | 80 00 07 F4 00 00 00 26 .......&
00010 | 133 | 00 00 00 00 89          .....
00008 | 136 | 00 02 00 00 00 00 00 0C ........
00008 | 13A | 00 00 00 00 00 00 00 0A W3lC0m3
00008 | 13F | 00 00 00 05 00 00 00 00 .^DeHEX^.
00009 | 143 | 6B 6B 00 C2             kk..
00010 | 158 | 00 00 00 00 00 00 00 37 .......7
00010 | 161 | 00 00 05 50 01 08 00 3A ...P...:
00008 | 164 | 00 00 C0 1A A9 00 00 21 .......!
00010 | 166 | D0 32 00 36             .2.6
00010 | 17C | 00 00 00 00 10 00 00 03 ........
00008 | 183 | 00 00 00 0E 00 00 10 0D ........
01285 | 188 | 00 00 00 00             ....
00010 | 18E | 00 00 4D                ..M
00010 | 191 | 01 00 10 A1 41 00 29    ....A.)
00018 | 1A4 | 00 00 00 08 00 00 00 3E j4wh...
00020 | 1AA | 7F FF 00 00 00 00 67 3F 3r20..g?
00020 | 1B0 | 00 0F 00 00 00 01 75    ......u
00020 | 1CF | 80 05 00 00 00 2D       .....-
00020 | 1D0 | 00 00 00 00 00 00 00 0A ........
00020 | 1DC | 02 00 00 2A             ...*
00039 | 21E | 03 E8 37 45 22 06 10    ..7E"..
00010 | 244 | 00 00 00 01 7C          .WanteD.|
00039 | 294 | 04 0B 00 02 CF 5A 00 1D .....Z..
00105 | 305 | 80 35                   .5
00099 | 309 | 00 00 00 00 00 00 00 B1 ........
00100 | 320 | 00 00 21                ..!
00100 | 324 | 74 65 00 00 00 00 0E 29 te.....)
00099 | 333 | 00 00 00 00 00 00 2D    ......-
00100 | 37C | FD 00 FD 00 09 7F 00 29 .....-/
00300 | 405 | 68 74 74 70 73 3a 2f 2f Capt
00300 | 40C | 70 61 73 74 65 62 69 6e  uRe
00300 | 428 | 2e 63 6f 6d 2f 58 4a 4b   THE
00300 | 454 | 51 50 74 52 65            Fl4G /\
00999 | 5A1 | 00 00 00 00 00 00 00 00    CAN_ftw
